3769.8188354351 2.439071e-15
3772.58301561746 2.87616e-15
3775.34719579981 3.083805e-15
3778.11137598217 2.873208e-15
3780.87555616452 1.719399e-15
3783.63973634688 1.979299e-15
3786.40391652923 2.820596e-15
3789.16809671159 2.398859e-15
3791.93227689394 2.087223e-15
3794.6964570763 2.070817e-15
3797.46063725865 2.832164e-15
3800.22481744101 2.898191e-15
3802.98899762336 2.377705e-15
3805.75317780572 1.862491e-15
3808.51735798807 1.824654e-15
3811.28153817043 2.557213e-15
3814.04571835278 1.791229e-15
3816.80989853514 2.0337e-15
3819.57407871749 1.092221e-15
3822.33825889985 1.60192e-15
3825.1024390822 1.640845e-15
3827.86661926456 1.120688e-15
3830.63079944691 1.548012e-15
3833.39497962926 1.054863e-15
3836.15915981162 1.468078e-15
3838.92333999397 1.871316e-15
3841.68752017633 1.631467e-15
3844.45170035868 1.082771e-15
3847.21588054104 1.134425e-15
3849.98006072339 1.274146e-15
3852.74424090575 1.575435e-15
3855.5084210881 6.935494e-16
3858.27260127046 1.009112e-15
3861.03678145281 1.350618e-15
3863.80096163517 1.236306e-15
3866.56514181752 1.157952e-15
3869.32932199988 1.172759e-15
3872.09350218223 1.359418e-15
3874.85768236459 1.611947e-15
3877.62186254694 1.899294e-15
3880.3860427293 1.36183e-15
3883.15022291165 1.253341e-15
3885.91440309401 1.387706e-15
3888.67858327636 1.313046e-15
3891.44276345872 1.397883e-15
3894.20694364107 1.167063e-15
3896.97112382343 1.384805e-15
3899.73530400578 1.523127e-15
3902.49948418813 1.442268e-15
3905.26366437049 1.294775e-15
3908.02784455284 1.6423e-15
3910.7920247352 1.783657e-15
3913.55620491755 1.790416e-15
3916.32038509991 1.90614e-15
3919.08456528226 1.616408e-15
3921.84874546462 1.807494e-15
3924.61292564697 2.165402e-15
3927.37710582933 2.084898e-15
3930.14128601168 1.899756e-15
3932.90546619404 2.075113e-15
3935.66964637639 2.11181e-15
3938.43382655875 2.037941e-15
3941.1980067411 2.171636e-15
3943.96218692346 2.417217e-15
3946.72636710581 2.593304e-15
3949.49054728817 2.531163e-15
3952.25472747052 2.507077e-15
3955.01890765288 2.450961e-15
3957.78308783523 2.392722e-15
3960.54726801759 2.669605e-15
3963.31144819994 2.509817e-15
3966.07562838229 2.825258e-15
3968.83980856465 2.504171e-15
3971.603988747 2.73697e-15
3974.36816892936 2.845647e-15
3977.13234911171 2.757723e-15
3979.89652929407 2.972221e-15
3982.66070947642 2.859542e-15
3985.42488965878 2.741441e-15
3988.18906984113 2.63825e-15
3990.95325002349 2.63919e-15
3993.71743020584 2.632346e-15
3996.4816103882 2.529096e-15
3999.24579057055 3.020814e-15
4002.00997075291 3.038195e-15
4004.77415093526 2.952962e-15
4007.53833111762 2.769591e-15
4010.30251129997 3.162881e-15
4013.06669148233 3.086789e-15
4015.83087166468 2.972017e-15
4018.59505184704 3.130342e-15
4021.35923202939 3.089574e-15
4024.12341221175 2.953749e-15
4026.8875923941 3.044585e-15
4029.65177257646 2.897627e-15
4032.41595275881 2.68974e-15
4035.18013294117 3.018669e-15
4037.94431312352 2.7113e-15
4040.70849330588 2.815175e-15
4043.47267348823 2.839595e-15
4046.23685367058 2.806023e-15
4049.00103385294 2.576613e-15
4051.76521403529 2.560238e-15
4054.52939421765 2.592708e-15
4057.2935744 2.629651e-15
4060.05775458236 2.527967e-15
4062.82193476471 2.594544e-15
4065.58611494707 2.535098e-15
4068.35029512942 2.645263e-15
4071.11447531178 2.359617e-15
4073.87865549413 2.478907e-15
4076.64283567649 2.755772e-15
4079.40701585884 2.58757e-15
4082.1711960412 2.626792e-15
4084.93537622355 2.546319e-15
4087.69955640591 2.517249e-15
4090.46373658826 2.575726e-15
4093.22791677062 2.585319e-15
4095.99209695297 2.480607e-15
4098.75627713533 2.261715e-15
4101.52045731768 2.28641e-15
4104.28463750004 2.165826e-15
4107.04881768239 2.22824e-15
4109.81299786475 2.349649e-15
4112.5771780471 2.41531e-15
4115.34135822945 2.296233e-15
4118.10553841181 2.359477e-15
4120.86971859416 2.397184e-15
4123.63389877652 2.327986e-15
4126.39807895887 2.40093e-15
4129.16225914123 2.365915e-15
4131.92643932358 2.478846e-15
4134.69061950594 2.746567e-15
4137.45479968829 2.6391e-15
4140.21897987065 2.436734e-15
4142.983160053 2.637617e-15
4145.74734023536 2.667962e-15
4148.51152041771 2.754184e-15
4151.27570060007 2.618426e-15
4154.03988078242 2.611768e-15
4156.80406096478 2.795948e-15
4159.56824114713 2.814461e-15
4162.33242132949 2.733404e-15
4165.09660151184 2.543197e-15
4167.8607816942 2.628023e-15
4170.62496187655 2.646903e-15
4173.38914205891 2.436116e-15
4176.15332224126 2.453285e-15
4178.91750242362 2.381993e-15
4181.68168260597 2.416173e-15
4184.44586278832 2.444126e-15
4187.21004297068 2.501003e-15
4189.97422315303 2.447239e-15
4192.73840333539 2.317677e-15
4195.50258351774 2.154026e-15
4198.2667637001 2.04999e-15
4201.03094388245 2.320941e-15
4203.79512406481 2.130467e-15
4206.55930424716 2.220781e-15
4209.32348442952 2.218492e-15
4212.08766461187 1.969882e-15
4214.85184479423 1.911923e-15
4217.61602497658 1.775615e-15
4220.38020515894 1.782684e-15
4223.14438534129 1.737979e-15
4225.90856552365 1.865008e-15
4228.672745706 1.889816e-15
4231.43692588836 1.648306e-15
4234.20110607071 1.66511e-15
4236.96528625307 1.803092e-15
4239.72946643542 1.829465e-15
4242.49364661778 1.632215e-15
4245.25782680013 1.64742e-15
4248.02200698248 1.637344e-15
4250.78618716484 1.600822e-15
4253.5503673472 1.666413e-15
4256.31454752955 1.773722e-15
4259.0787277119 1.881334e-15
4261.84290789426 1.811362e-15
4264.60708807661 1.788737e-15
4267.37126825897 1.894459e-15
4270.13544844132 1.663587e-15
4272.89962862368 1.570469e-15
4275.66380880603 1.910456e-15
4278.42798898839 1.789601e-15
4281.19216917074 1.619678e-15
4283.9563493531 1.736855e-15
4286.72052953545 1.742313e-15
4289.48470971781 1.827627e-15
4292.24888990016 1.85804e-15
4295.01307008252 1.856553e-15
4297.77725026487 1.82985e-15
4300.54143044723 1.883347e-15
4303.30561062958 2.068693e-15
4306.06979081194 2.207411e-15
4308.83397099429 2.198341e-15
4311.59815117665 2.141255e-15
4314.362331359 1.964036e-15
4317.12651154135 1.98833e-15
4319.89069172371 2.042431e-15
4322.65487190607 1.980369e-15
4325.41905208842 1.882641e-15
4328.18323227077 1.814924e-15
4330.94741245313 1.89641e-15
4333.71159263549 1.989634e-15
4336.47577281784 1.891724e-15
4339.23995300019 1.949804e-15
4342.00413318255 2.115902e-15
4344.7683133649 2.040646e-15
4347.53249354726 1.855713e-15
4350.29667372961 1.948057e-15
4353.06085391197 2.05093e-15
4355.82503409432 2.198377e-15
4358.58921427668 2.128648e-15
4361.35339445903 2.142019e-15
4364.11757464139 2.210034e-15
4366.88175482374 2.109462e-15
4369.6459350061 2.073677e-15
4372.41011518845 2.131122e-15
4375.17429537081 2.139753e-15
4377.93847555316 2.191047e-15
4380.70265573552 2.187431e-15
4383.46683591787 2.070189e-15
4386.23101610023 2.183373e-15
4388.99519628258 2.13054e-15
4391.75937646494 2.14416e-15
4394.52355664729 2.115097e-15
4397.28773682965 1.962446e-15
4400.051917012 1.956185e-15
4402.81609719435 2.021789e-15
4405.58027737671 2.149683e-15
4408.34445755906 2.139914e-15
4411.10863774142 2.246374e-15
4413.87281792377 2.195283e-15
4416.63699810613 1.954102e-15
4419.40117828848 1.993801e-15
4422.16535847084 2.090253e-15
4424.92953865319 2.233119e-15
4427.69371883555 2.141751e-15
4430.4578990179 2.045353e-15
4433.22207920026 2.138953e-15
4435.98625938261 2.12031e-15
4438.75043956497 2.078722e-15
4441.51461974732 2.101263e-15
4444.27879992968 2.180411e-15
4447.04298011203 2.062699e-15
4449.80716029439 1.899618e-15
4452.57134047674 1.945419e-15
4455.3355206591 1.837596e-15
4458.09970084145 1.820838e-15
4460.86388102381 1.88912e-15
4463.62806120616 1.900791e-15
4466.39224138851 1.798892e-15
4469.15642157087 1.739031e-15
4471.92060175322 1.753137e-15
4474.68478193558 1.846791e-15
4477.44896211793 1.823811e-15
4480.21314230029 1.763207e-15
4482.97732248264 1.780223e-15
4485.741502665 1.728925e-15
4488.50568284735 1.878858e-15
4491.26986302971 1.75201e-15
4494.03404321206 1.69781e-15
4496.79822339442 1.768827e-15
4499.56240357677 1.865306e-15
4502.32658375913 1.914137e-15
4505.09076394148 1.810766e-15
4507.85494412384 1.875872e-15
4510.61912430619 1.995421e-15
4513.38330448855 1.924359e-15
4516.1474846709 1.900237e-15
4518.91166485326 1.969103e-15
4521.67584503561 2.130304e-15
4524.44002521797 2.321825e-15
4527.20420540032 2.226746e-15
4529.96838558268 2.223223e-15
4532.73256576503 2.233752e-15
4535.49674594739 2.333144e-15
4538.26092612974 2.341387e-15
4541.02510631209 2.374501e-15
4543.78928649445 2.344548e-15
4546.5534666768 2.46011e-15
4549.31764685916 2.580456e-15
4552.08182704151 2.570372e-15
4554.84600722387 2.559017e-15
4557.61018740622 2.575222e-15
4560.37436758858 2.698785e-15
4563.13854777093 2.63109e-15
4565.90272795329 2.714413e-15
4568.66690813564 2.667314e-15
4571.431088318 2.684943e-15
4574.19526850035 2.705168e-15
4576.95944868271 2.612589e-15
4579.72362886506 2.792422e-15
4582.48780904742 2.786681e-15
4585.25198922977 2.819024e-15
4588.01616941213 2.791842e-15
4590.78034959448 2.758947e-15
4593.54452977683 2.792585e-15
4596.30870995919 2.72613e-15
4599.07289014155 2.807262e-15
4601.8370703239 2.900619e-15
4604.60125050626 2.74045e-15
4607.36543068861 2.832993e-15
4610.12961087097 2.871565e-15
4612.89379105332 2.842484e-15
4615.65797123568 2.829161e-15
4618.42215141803 2.845087e-15
4621.18633160038 2.640864e-15
4623.95051178274 2.790587e-15
4626.71469196509 2.770675e-15
4629.47887214745 2.866139e-15
4632.2430523298 2.81143e-15
4635.00723251216 2.742104e-15
4637.77141269451 2.772962e-15
4640.53559287687 2.638065e-15
4643.29977305922 2.777897e-15
4646.06395324158 2.871163e-15
4648.82813342393 2.688831e-15
4651.59231360629 2.571814e-15
4654.35649378864 2.622269e-15
4657.120673971 2.718408e-15
4659.88485415335 2.614392e-15
4662.64903433571 2.56922e-15
4665.41321451806 2.664383e-15
4668.17739470042 2.524325e-15
4670.94157488277 2.647321e-15
4673.70575506513 2.556328e-15
4676.46993524748 2.610621e-15
4679.23411542983 2.504432e-15
4681.99829561219 2.505997e-15
4684.76247579454 2.509765e-15
4687.5266559769 2.508925e-15
4690.29083615925 2.343462e-15
4693.05501634161 2.478286e-15
4695.81919652396 2.538469e-15
4698.58337670632 2.38854e-15
4701.34755688867 2.429499e-15
4704.11173707103 2.402388e-15
4706.87591725338 2.357851e-15
4709.64009743574 2.226574e-15
4712.40427761809 2.369761e-15
4715.16845780045 2.303414e-15
4717.9326379828 2.295511e-15
4720.69681816516 2.223683e-15
4723.46099834751 2.161866e-15
4726.22517852987 2.224105e-15
4728.98935871222 2.128481e-15
4731.75353889457 2.160031e-15
4734.51771907693 2.00665e-15
4737.28189925929 2.056712e-15
4740.04607944164 2.194918e-15
4742.810259624 1.987389e-15
4745.57443980635 1.985034e-15
4748.3386199887 2.075428e-15
4751.10280017106 2.067212e-15
4753.86698035341 2.05834e-15
4756.63116053577 1.918193e-15
4759.39534071812 1.885955e-15
4762.15952090048 1.914497e-15
4764.92370108283 1.854052e-15
4767.68788126519 1.862225e-15
4770.45206144754 1.864659e-15
4773.2162416299 1.884002e-15
4775.98042181225 1.853696e-15
4778.74460199461 1.734229e-15
4781.50878217696 1.726309e-15
4784.27296235932 1.772714e-15
4787.03714254167 1.558463e-15
4789.80132272403 1.640134e-15
4792.56550290638 1.616453e-15
4795.32968308874 1.5773e-15
4798.09386327109 1.723497e-15
4800.85804345345 1.549078e-15
4803.6222236358 1.576309e-15
4806.38640381816 1.798748e-15
4809.15058400051 1.884341e-15
4811.91476418286 1.983634e-15
4814.67894436522 1.935623e-15
4817.44312454757 2.071144e-15
4820.20730472993 2.200874e-15
4822.97148491228 2.315995e-15
4825.73566509464 2.376304e-15
4828.49984527699 2.366778e-15
4831.26402545935 2.323192e-15
4834.0282056417 2.412073e-15
4836.79238582406 2.643742e-15
4839.55656600641 2.63976e-15
4842.32074618877 2.593313e-15
4845.08492637112 2.566475e-15
4847.84910655348 2.498172e-15
4850.61328673583 2.497521e-15
4853.37746691819 2.512943e-15
4856.14164710054 2.612216e-15
4858.9058272829 2.649143e-15
4861.67000746525 2.692036e-15
4864.43418764761 2.70488e-15
4867.19836782996 2.647054e-15
4869.96254801232 2.710817e-15
4872.72672819467 2.757104e-15
4875.49090837703 2.786623e-15
4878.25508855938 2.806355e-15
4881.01926874174 2.822942e-15
4883.78344892409 2.994991e-15
4886.54762910645 2.901643e-15
4889.3118092888 2.906121e-15
4892.07598947115 3.007933e-15
4894.84016965351 3.105351e-15
4897.60434983586 3.147361e-15
4900.36853001822 3.100187e-15
4903.13271020057 3.015341e-15
4905.89689038293 2.905568e-15
4908.66107056528 2.987667e-15
4911.42525074764 3.013134e-15
4914.18943092999 3.001713e-15
4916.95361111235 2.91024e-15
4919.7177912947 3.00427e-15
4922.48197147706 2.922577e-15
4925.24615165941 2.843353e-15
4928.01033184177 2.743974e-15
4930.77451202412 2.62414e-15
4933.53869220648 2.724474e-15
4936.30287238883 2.651387e-15
4939.06705257119 2.474281e-15
4941.83123275354 2.37706e-15
4944.5954129359 2.500755e-15
4947.35959311825 2.418875e-15
4950.12377330061 2.252751e-15
4952.88795348296 2.255207e-15
4955.65213366531 2.298253e-15
4958.41631384767 2.295986e-15
4961.18049403002 2.289093e-15
4963.94467421238 2.384905e-15
4966.70885439473 2.319964e-15
4969.47303457709 2.249559e-15
4972.23721475944 2.306533e-15
4975.0013949418 2.463787e-15
4977.76557512415 2.475772e-15
4980.52975530651 2.378849e-15
4983.29393548886 2.386463e-15
4986.05811567122 2.391959e-15
4988.82229585357 2.420798e-15
4991.58647603593 2.509823e-15
4994.35065621828 2.46727e-15
4997.11483640064 2.413512e-15
4999.87901658299 2.491465e-15
5002.64319676535 2.376398e-15
5005.4073769477 2.366614e-15
5008.17155713006 2.285561e-15
5010.93573731241 2.299639e-15
5013.69991749477 2.271517e-15
5016.46409767712 2.355695e-15
5019.22827785948 2.287751e-15
5021.99245804183 2.296585e-15
5024.75663822418 2.228239e-15
5027.52081840654 2.218874e-15
5030.2849985889 2.264384e-15
5033.04917877125 2.224662e-15
5035.81335895361 2.319695e-15
5038.57753913596 2.317905e-15
5041.34171931831 2.221844e-15
5044.10589950067 2.157555e-15
5046.87007968302 2.316538e-15
5049.63425986538 2.292706e-15
5052.39844004773 2.178399e-15
5055.16262023009 2.159459e-15
5057.92680041244 2.087447e-15
5060.6909805948 2.06817e-15
5063.45516077715 2.121151e-15
5066.21934095951 2.125448e-15
5068.98352114186 1.999139e-15
5071.74770132422 1.954574e-15
5074.51188150657 1.92383e-15
5077.27606168893 1.951209e-15
5080.04024187128 2.055788e-15
5082.80442205364 1.971771e-15
5085.56860223599 1.840408e-15
5088.33278241835 1.852043e-15
5091.0969626007 1.925035e-15
5093.86114278306 1.825364e-15
5096.62532296541 1.852489e-15
5099.38950314777 1.832979e-15
5102.15368333012 1.828183e-15
5104.91786351248 1.694403e-15
5107.68204369483 1.741507e-15
5110.44622387719 1.731327e-15
5113.21040405954 1.820442e-15
5115.97458424189 1.984875e-15
5118.73876442425 1.776317e-15
5121.5029446066 1.779607e-15
5124.26712478896 1.796471e-15
5127.03130497131 1.897472e-15
5129.79548515367 1.926598e-15
5132.55966533602 1.919802e-15
5135.32384551838 1.931093e-15
5138.08802570073 1.942001e-15
5140.85220588309 1.878811e-15
5143.61638606544 1.911442e-15
5146.3805662478 1.956068e-15
5149.14474643015 2.042002e-15
5151.90892661251 2.017456e-15
5154.67310679486 1.925243e-15
5157.43728697722 1.98542e-15
5160.20146715957 2.055144e-15
5162.96564734193 2.04101e-15
5165.72982752428 2.045927e-15
5168.49400770663 2.044776e-15
5171.25818788899 1.993787e-15
5174.02236807134 2.038932e-15
5176.7865482537 2.019324e-15
5179.55072843605 2.061022e-15
5182.31490861841 2.096156e-15
5185.07908880076 2.053717e-15
5187.84326898312 2.116721e-15
5190.60744916547 2.135771e-15
5193.37162934783 2.143299e-15
5196.13580953018 2.159661e-15
5198.89998971254 2.176941e-15
5201.66416989489 2.206775e-15
5204.42835007725 2.118437e-15
5207.1925302596 2.243324e-15
5209.95671044196 2.142686e-15
5212.72089062431 2.136475e-15
5215.48507080667 2.207163e-15
5218.24925098902 2.213934e-15
5221.01343117138 2.162083e-15
5223.77761135373 2.121168e-15
5226.54179153609 2.094662e-15
5229.30597171844 2.237313e-15
5232.0701519008 2.215158e-15
5234.83433208315 2.258848e-15
5237.59851226551 2.250117e-15
5240.36269244786 2.271641e-15
5243.12687263022 2.242904e-15
5245.89105281257 2.28068e-15
5248.65523299493 2.278636e-15
5251.41941317728 2.309864e-15
5254.18359335963 2.320483e-15
5256.94777354199 2.256734e-15
5259.71195372434 2.193841e-15
5262.4761339067 2.172264e-15
5265.24031408905 2.250836e-15
5268.00449427141 2.215189e-15
5270.76867445376 2.208318e-15
5273.53285463612 2.17874e-15
5276.29703481847 2.185852e-15
5279.06121500083 2.208944e-15
5281.82539518318 2.303118e-15
5284.58957536554 2.344843e-15
5287.35375554789 2.299406e-15
5290.11793573025 2.270281e-15
5292.8821159126 2.222966e-15
5295.64629609496 2.287131e-15
5298.41047627731 2.248602e-15
5301.17465645967 2.268941e-15
5303.93883664202 2.314442e-15
5306.70301682438 2.23084e-15
5309.46719700673 2.259894e-15
5312.23137718908 2.228971e-15
5314.99555737144 2.187518e-15
5317.75973755379 2.21496e-15
5320.52391773615 2.18051e-15
5323.2880979185 2.212152e-15
5326.05227810086 2.247026e-15
5328.81645828321 2.326858e-15
5331.58063846557 2.321492e-15
5334.34481864792 2.23561e-15
5337.10899883028 2.316873e-15
5339.87317901263 2.22907e-15
5342.63735919499 2.23525e-15
5345.40153937734 2.230319e-15
5348.1657195597 2.185706e-15
5350.92989974205 2.213647e-15
5353.69407992441 2.240712e-15
5356.45826010676 2.245143e-15
5359.22244028912 2.232239e-15
5361.98662047147 2.207263e-15
5364.75080065383 2.151984e-15
5367.51498083618 2.132092e-15
5370.27916101854 2.21592e-15
5373.04334120089 2.197758e-15
5375.80752138325 2.176763e-15
5378.5717015656 2.254622e-15
5381.33588174796 2.208655e-15
5384.10006193031 2.132684e-15
5386.86424211266 2.235352e-15
5389.62842229502 2.229438e-15
5392.39260247737 2.285465e-15
5395.15678265973 2.180895e-15
5397.92096284208 2.185592e-15
5400.68514302444 2.139125e-15
5403.44932320679 2.19963e-15
5406.21350338915 2.252643e-15
5408.9776835715 2.18818e-15
5411.74186375386 2.184537e-15
5414.50604393621 2.221694e-15
5417.27022411857 2.164543e-15
5420.03440430092 2.125213e-15
5422.79858448328 2.122102e-15
5425.56276466563 2.088098e-15
5428.32694484799 2.09857e-15
5431.09112503034 2.065238e-15
5433.8553052127 2.084232e-15
5436.61948539505 2.054709e-15
5439.38366557741 1.951255e-15
5442.14784575976 2.070549e-15
5444.91202594211 2.028463e-15
5447.67620612447 2.033554e-15
5450.44038630683 2.039538e-15
5453.20456648918 2.011242e-15
5455.96874667154 2.079083e-15
5458.73292685389 1.986462e-15
5461.49710703624 2.058679e-15
5464.2612872186 2.10714e-15
5467.02546740096 2.068067e-15
5469.78964758331 2.004271e-15
5472.55382776566 2.061275e-15
5475.31800794802 2.098871e-15
5478.08218813037 2.078489e-15
5480.84636831273 2.077346e-15
5483.61054849508 2.06154e-15
5486.37472867744 2.08742e-15
5489.13890885979 2.027115e-15
5491.90308904215 1.987416e-15
5494.6672692245 2.031634e-15
5497.43144940686 2.050143e-15
5500.19562958921 2.059902e-15
5502.95980977157 2.020376e-15
5505.72398995392 2.018675e-15
5508.48817013628 2.025725e-15
5511.25235031863 2.049523e-15
5514.01653050099 2.083709e-15
5516.78071068334 2.065238e-15
5519.5448908657 1.987517e-15
5522.30907104805 2.026786e-15
5525.0732512304 1.995477e-15
5527.83743141276 2.030018e-15
5530.60161159511 2.037663e-15
5533.36579177747 1.965742e-15
5536.12997195982 1.985176e-15
5538.89415214218 1.965092e-15
5541.65833232453 1.950984e-15
5544.42251250689 1.871199e-15
5547.18669268924 1.925753e-15
5549.9508728716 1.954483e-15
5552.71505305395 1.918277e-15
5555.47923323631 1.952573e-15
5558.24341341866 2.008084e-15
5561.00759360102 1.893926e-15
5563.77177378337 1.809257e-15
5566.53595396573 1.863701e-15
5569.30013414808 1.78906e-15
5572.06431433044 1.866523e-15
5574.82849451279 1.964673e-15
5577.59267469515 1.90972e-15
5580.3568548775 1.907004e-15
5583.12103505986 1.894652e-15
5585.88521524221 1.940411e-15
5588.64939542457 1.897535e-15
5591.41357560692 1.756358e-15
5594.17775578928 1.789328e-15
5596.94193597163 1.815584e-15
5599.70611615398 1.782712e-15
5602.47029633634 1.80003e-15
5605.23447651869 1.826465e-15
5607.99865670105 1.798227e-15
5610.7628368834 1.781109e-15
5613.52701706576 1.798296e-15
5616.29119724811 1.801197e-15
5619.05537743047 1.810649e-15
5621.81955761282 1.858756e-15
5624.58373779518 1.826047e-15
5627.34791797753 1.81581e-15
5630.11209815989 1.744143e-15
5632.87627834224 1.768537e-15
5635.6404585246 1.843364e-15
5638.40463870695 1.844556e-15
5641.16881888931 1.800283e-15
5643.93299907166 1.752969e-15
5646.69717925402 1.787616e-15
5649.46135943637 1.811233e-15
5652.22553961873 1.762374e-15
5654.98971980108 1.79393e-15
5657.75389998344 1.797064e-15
5660.51808016579 1.800553e-15
5663.28226034815 1.761478e-15
5666.0464405305 1.736194e-15
5668.81062071285 1.747198e-15
5671.57480089521 1.743462e-15
5674.33898107756 1.743198e-15
5677.10316125992 1.744951e-15
5679.86734144227 1.718367e-15
5682.63152162463 1.730531e-15
5685.39570180698 1.772821e-15
5688.15988198934 1.773024e-15
5690.92406217169 1.741398e-15
5693.68824235405 1.742274e-15
5696.4524225364 1.690297e-15
5699.21660271876 1.739853e-15
5701.98078290111 1.70776e-15
5704.74496308347 1.794049e-15
5707.50914326582 1.7573e-15
5710.27332344818 1.675437e-15
5713.03750363053 1.708865e-15
5715.80168381289 1.683892e-15
5718.56586399524 1.757164e-15
5721.3300441776 1.680366e-15
5724.09422435995 1.675073e-15
5726.85840454231 1.708464e-15
5729.62258472466 1.688421e-15
5732.38676490702 1.657053e-15
5735.15094508937 1.752615e-15
5737.91512527172 1.71193e-15
5740.67930545408 1.781892e-15
5743.44348563644 1.859924e-15
5746.20766581879 1.623499e-15
5748.97184600114 1.600187e-15
5751.7360261835 1.584631e-15
5754.50020636585 1.650526e-15
5757.26438654821 1.693138e-15
5760.02856673056 1.657511e-15
5762.79274691292 1.693114e-15
5765.55692709527 1.72361e-15
5768.32110727763 1.664784e-15
5771.08528745998 1.680976e-15
5773.84946764234 1.711665e-15
5776.61364782469 1.603691e-15
5779.37782800705 1.637151e-15
5782.1420081894 1.655315e-15
5784.90618837176 1.664243e-15
5787.67036855411 1.674409e-15
5790.43454873647 1.607701e-15
5793.19872891882 1.593275e-15
5795.96290910118 1.698926e-15
5798.72708928353 1.654072e-15
5801.49126946588 1.584908e-15
5804.25544964824 1.583622e-15
5807.0196298306 1.579074e-15
5809.78381001295 1.664959e-15
5812.5479901953 1.553999e-15
5815.31217037766 1.601994e-15
5818.07635056001 1.719371e-15
5820.84053074237 1.673985e-15
5823.60471092472 1.697087e-15
5826.36889110708 1.666745e-15
5829.13307128943 1.614555e-15
5831.89725147179 1.628573e-15
5834.66143165414 1.62989e-15
5837.4256118365 1.669114e-15
5840.18979201885 1.603691e-15
5842.95397220121 1.589689e-15
5845.71815238356 1.648046e-15
5848.48233256592 1.706553e-15
5851.24651274827 1.687373e-15
5854.01069293063 1.662415e-15
5856.77487311298 1.653047e-15
5859.53905329534 1.713166e-15
5862.30323347769 1.654912e-15
5865.06741366005 1.653248e-15
5867.8315938424 1.63466e-15
5870.59577402476 1.724409e-15
5873.35995420711 1.626638e-15
5876.12413438947 1.629547e-15
5878.88831457182 1.66817e-15
5881.65249475417 1.565903e-15
5884.41667493653 1.50848e-15
5887.18085511888 1.595375e-15
5889.94503530124 1.601329e-15
5892.70921548359 1.599093e-15
5895.47339566595 1.609313e-15
5898.2375758483 1.625223e-15
5901.00175603066 1.65259e-15
5903.76593621301 1.695246e-15
5906.53011639537 1.622423e-15
5909.29429657772 1.623841e-15
5912.05847676008 1.681609e-15
5914.82265694243 1.667143e-15
5917.58683712479 1.635858e-15
5920.35101730714 1.61653e-15
5923.1151974895 1.685185e-15
5925.87937767185 1.703497e-15
5928.64355785421 1.690791e-15
5931.40773803656 1.623011e-15
5934.17191821892 1.622042e-15
5936.93609840127 1.642172e-15
5939.70027858363 1.603505e-15
5942.46445876598 1.649101e-15
5945.22863894834 1.625341e-15
5947.99281913069 1.628167e-15
5950.75699931305 1.686381e-15
5953.5211794954 1.645006e-15
5956.28535967775 1.649478e-15
5959.04953986011 1.700135e-15
5961.81372004246 1.600148e-15
5964.57790022482 1.601719e-15
5967.34208040717 1.643751e-15
5970.10626058953 1.632608e-15
5972.87044077188 1.684313e-15
5975.63462095424 1.619127e-15
5978.39880113659 1.621907e-15
5981.16298131895 1.670149e-15
5983.9271615013 1.664097e-15
5986.69134168366 1.707272e-15
5989.45552186601 1.700438e-15
5992.21970204837 1.643756e-15
5994.98388223072 1.641383e-15
5997.74806241308 1.616991e-15
6000.51224259543 1.637967e-15
6003.27642277779 1.668301e-15
6006.04060296014 1.641921e-15
6008.8047831425 1.645771e-15
6011.56896332485 1.631521e-15
6014.33314350721 1.660125e-15
6017.09732368956 1.713672e-15
6019.86150387191 1.624698e-15
6022.62568405427 1.608685e-15
6025.38986423662 1.574868e-15
6028.15404441898 1.509212e-15
6030.91822460133 1.588087e-15
6033.68240478369 1.584324e-15
6036.44658496604 1.510589e-15
6039.2107651484 1.519503e-15
6041.97494533075 1.610347e-15
6044.73912551311 1.582339e-15
6047.50330569546 1.552898e-15
6050.26748587782 1.579787e-15
6053.03166606017 1.645763e-15
6055.79584624253 1.60088e-15
6058.56002642488 1.536697e-15
6061.32420660724 1.544924e-15
6064.08838678959 1.651479e-15
6066.85256697195 1.592713e-15
6069.6167471543 1.56075e-15
6072.38092733666 1.56341e-15
6075.14510751901 1.632988e-15
6077.90928770137 1.602761e-15
6080.67346788372 1.627156e-15
6083.43764806608 1.678136e-15
6086.20182824843 1.604564e-15
6088.96600843078 1.606044e-15
6091.73018861314 1.650397e-15
6094.49436879549 1.719318e-15
6097.25854897785 1.693925e-15
6100.0227291602 1.651792e-15
6102.78690934256 1.610149e-15
6105.55108952491 1.594978e-15
6108.31526970727 1.593352e-15
6111.07944988962 1.672013e-15
6113.84363007198 1.637806e-15
6116.60781025433 1.576792e-15
6119.37199043669 1.543735e-15
6122.13617061904 1.538167e-15
6124.9003508014 1.625106e-15
6127.66453098375 1.646212e-15
6130.42871116611 1.630743e-15
6133.19289134846 1.590075e-15
6135.95707153082 1.580407e-15
6138.72125171317 1.550518e-15
6141.48543189553 1.554502e-15
6144.24961207788 1.651272e-15
6147.01379226023 1.549463e-15
6149.77797244259 1.513435e-15
6152.54215262495 1.553677e-15
6155.3063328073 1.522025e-15
6158.07051298966 1.538185e-15
6160.83469317201 1.518606e-15
6163.59887335437 1.507422e-15
6166.36305353672 1.509755e-15
6169.12723371907 1.584691e-15
6171.89141390143 1.604315e-15
6174.65559408378 1.611603e-15
6177.41977426614 1.525735e-15
6180.18395444849 1.660831e-15
6182.94813463085 1.61367e-15
6185.7123148132 1.564608e-15
6188.47649499556 1.624308e-15
6191.24067517791 1.574264e-15
6194.00485536027 1.56549e-15
6196.76903554262 1.565555e-15
6199.53321572498 1.552737e-15
6202.29739590733 1.545316e-15
6205.06157608969 1.539486e-15
6207.82575627204 1.544324e-15
6210.5899364544 1.582522e-15
6213.35411663675 1.544306e-15
6216.11829681911 1.478442e-15
6218.88247700146 1.499906e-15
6221.64665718382 1.521752e-15
6224.41083736617 1.533553e-15
6227.17501754853 1.49338e-15
6229.93919773088 1.497159e-15
6232.70337791323 1.493894e-15
6235.46755809559 1.576507e-15
6238.23173827794 1.589085e-15
6240.9959184603 1.554842e-15
6243.76009864266 1.550166e-15
6246.52427882501 1.527152e-15
6249.28845900737 1.490286e-15
6252.05263918972 1.5345e-15
6254.81681937207 1.57779e-15
6257.58099955443 1.562498e-15
6260.34517973678 1.514013e-15
6263.10935991914 1.529451e-15
6265.87354010149 1.538858e-15
6268.63772028385 1.513484e-15
6271.4019004662 1.552249e-15
6274.16608064856 1.542413e-15
6276.93026083091 1.46055e-15
6279.69444101327 1.448281e-15
6282.45862119562 1.486868e-15
6285.22280137798 1.465724e-15
6287.98698156033 1.492122e-15
6290.75116174269 1.499015e-15
6293.51534192504 1.499631e-15
6296.2795221074 1.532323e-15
6299.04370228975 1.469271e-15
6301.8078824721 1.476127e-15
6304.57206265446 1.502754e-15
6307.33624283681 1.455638e-15
6310.10042301917 1.458614e-15
6312.86460320152 1.497812e-15
6315.62878338388 1.430118e-15
6318.39296356623 1.410224e-15
6321.15714374859 1.481043e-15
6323.92132393094 1.473702e-15
6326.6855041133 1.466487e-15
6329.44968429565 1.488129e-15
6332.21386447801 1.490224e-15
6334.97804466036 1.449628e-15
6337.74222484272 1.479408e-15
6340.50640502507 1.51529e-15
6343.27058520743 1.439544e-15
6346.03476538978 1.383396e-15
6348.79894557214 1.474348e-15
6351.56312575449 1.425193e-15
6354.32730593685 1.406835e-15
6357.0914861192 1.405439e-15
6359.85566630156 1.425673e-15
6362.61984648391 1.445657e-15
6365.38402666626 1.391812e-15
6368.14820684862 1.418157e-15
6370.91238703098 1.418703e-15
6373.67656721333 1.374694e-15
6376.44074739568 1.386626e-15
6379.20492757804 1.335353e-15
6381.9691077604 1.30359e-15
6384.73328794275 1.333997e-15
6387.4974681251 1.327839e-15
6390.26164830746 1.310004e-15
6393.02582848981 1.318096e-15
6395.79000867217 1.331422e-15
6398.55418885452 1.301221e-15
6401.31836903688 1.26256e-15
6404.08254921923 1.188747e-15
6406.84672940159 1.166634e-15
6409.61090958394 1.168368e-15
6412.3750897663 1.143342e-15
6415.13926994865 1.15257e-15
6417.90345013101 1.209427e-15
6420.66763031336 1.178509e-15
6423.43181049572 1.148447e-15
6426.19599067807 1.064194e-15
6428.96017086043 1.041987e-15
6431.72435104278 1.071625e-15
6434.48853122514 1.018787e-15
6437.25271140749 9.976624e-16
6440.01689158985 9.777331e-16
6442.7810717722 1.012151e-15
6445.54525195455 1.022702e-15
6448.30943213691 9.853425e-16
6451.07361231926 9.893362e-16
6453.83779250162 9.125613e-16
6456.60197268397 8.595075e-16
6459.36615286633 8.381298e-16
6462.13033304868 9.021558e-16
6464.89451323104 9.934361e-16
6467.65869341339 1.001133e-15
6470.42287359575 9.536927e-16
6473.1870537781 1.01326e-15
6475.95123396046 1.116503e-15
6478.71541414281 1.153612e-15
6481.47959432517 1.200117e-15
6484.24377450752 1.315106e-15
6487.00795468988 1.425395e-15
6489.77213487223 1.505314e-15
6492.53631505459 1.606997e-15
6495.30049523694 1.695974e-15
6498.0646754193 1.797607e-15
6500.82885560165 1.980992e-15
6503.593035784 2.08491e-15
6506.35721596636 2.14478e-15
6509.12139614871 2.284854e-15
6511.88557633107 2.285592e-15
6514.64975651343 2.314784e-15
6517.41393669578 2.363699e-15
6520.17811687813 2.417998e-15
6522.94229706049 2.490093e-15
6525.70647724284 2.51046e-15
6528.4706574252 2.654361e-15
6531.23483760755 2.708875e-15
6533.99901778991 2.729317e-15
6536.76319797226 2.724045e-15
6539.52737815462 2.7846e-15
6542.29155833697 2.861711e-15
6545.05573851933 2.908289e-15
6547.81991870168 2.888487e-15
6550.58409888404 2.887923e-15
6553.34827906639 2.845705e-15
6556.11245924875 2.89582e-15
6558.8766394311 2.836727e-15
6561.64081961346 2.839719e-15
6564.40499979581 2.902373e-15
6567.16917997817 2.857917e-15
6569.93336016052 2.929052e-15
6572.69754034288 2.912984e-15
6575.46172052523 2.901627e-15
6578.22590070759 2.958965e-15
6580.99008088994 2.898526e-15
6583.7542610723 2.924832e-15
6586.51844125465 2.963223e-15
6589.28262143701 2.915553e-15
6592.04680161936 2.972722e-15
6594.81098180171 2.937647e-15
6597.57516198407 2.87322e-15
6600.33934216642 2.943489e-15
6603.10352234878 2.965195e-15
6605.86770253113 3.03791e-15
6608.63188271349 2.96372e-15
6611.39606289584 2.942317e-15
6614.1602430782 2.871379e-15
6616.92442326055 2.780919e-15
6619.68860344291 2.760119e-15
6622.45278362526 2.66945e-15
6625.21696380762 2.68126e-15
6627.98114398997 2.668028e-15
6630.74532417233 2.620383e-15
6633.50950435468 2.575708e-15
6636.27368453704 2.577801e-15
6639.03786471939 2.567962e-15
6641.80204490175 2.463311e-15
6644.5662250841 2.454117e-15
6647.33040526645 2.484712e-15
6650.09458544881 2.414075e-15
6652.85876563117 2.35341e-15
6655.62294581352 2.296242e-15
6658.38712599588 2.398599e-15
6661.15130617823 2.360348e-15
6663.91548636059 2.300276e-15
6666.67966654294 2.302344e-15
6669.44384672529 2.197505e-15
6672.20802690765 2.134156e-15
6674.97220709 2.162972e-15
6677.73638727236 2.120587e-15
6680.50056745471 2.011469e-15
6683.26474763707 2.019394e-15
6686.02892781942 2.067026e-15
6688.79310800178 2.027172e-15
6691.55728818413 2.014913e-15
6694.32146836649 1.990081e-15
6697.08564854884 1.947007e-15
6699.8498287312 1.935791e-15
6702.61400891355 1.909389e-15
6705.37818909591 1.88426e-15
6708.14236927826 1.889967e-15
6710.90654946062 1.83626e-15
6713.67072964297 1.800035e-15
6716.43490982533 1.808102e-15
6719.19909000768 1.772687e-15
6721.96327019003 1.758034e-15
6724.72745037239 1.810861e-15
6727.49163055474 1.77642e-15
6730.2558107371 1.728363e-15
6733.01999091945 1.696785e-15
6735.78417110181 1.66394e-15
6738.54835128416 1.609601e-15
6741.31253146652 1.61145e-15
6744.07671164887 1.691753e-15
6746.84089183123 1.656453e-15
6749.60507201358 1.598918e-15
6752.36925219594 1.627144e-15
6755.13343237829 1.573984e-15
6757.89761256065 1.533981e-15
6760.661792743 1.554753e-15
6763.42597292536 1.585149e-15
6766.19015310771 1.599815e-15
6768.95433329007 1.511984e-15
6771.71851347242 1.478137e-15
6774.48269365478 1.500009e-15
6777.24687383713 1.480475e-15
6780.01105401949 1.4124e-15
6782.77523420184 1.457918e-15
6785.53941438419 1.503865e-15
6788.30359456655 1.523026e-15
6791.06777474891 1.520379e-15
6793.83195493126 1.525073e-15
6796.59613511362 1.469818e-15
6799.36031529597 1.452401e-15
6802.12449547832 1.428021e-15
6804.88867566068 1.427301e-15
6807.65285584303 1.461829e-15
6810.41703602539 1.400887e-15
6813.18121620774 1.386787e-15
6815.9453963901 1.366076e-15
6818.70957657245 1.407162e-15
6821.47375675481 1.36648e-15
6824.23793693716 1.369687e-15
6827.00211711952 1.447783e-15
6829.76629730187 1.427481e-15
6832.53047748423 1.40041e-15
6835.29465766658 1.424799e-15
6838.05883784894 1.382784e-15
6840.82301803129 1.400685e-15
6843.58719821365 1.434605e-15
6846.351378396 1.338193e-15
6849.11555857836 1.325084e-15
6851.87973876071 1.37642e-15
6854.64391894306 1.394368e-15
6857.40809912542 1.389634e-15
6860.17227930778 1.331531e-15
6862.93645949013 1.405869e-15
6865.70063967248 1.404926e-15
6868.46481985484 1.242923e-15
6871.2290000372 1.230968e-15
6873.99318021955 1.250871e-15
6876.7573604019 1.347726e-15
6879.52154058426 1.31455e-15
6882.28572076661 1.325359e-15
6885.04990094897 1.36845e-15
6887.81408113132 1.299331e-15
6890.57826131368 1.29832e-15
6893.34244149603 1.271507e-15
6896.10662167839 1.308417e-15
6898.87080186074 1.339305e-15
6901.6349820431 1.365753e-15
6904.39916222545 1.342456e-15
6907.16334240781 1.27695e-15
6909.92752259016 1.289309e-15
6912.69170277252 1.279428e-15
6915.45588295487 1.288298e-15
6918.22006313723 1.31802e-15
6920.98424331958 1.238337e-15
6923.74842350194 1.2279e-15
6926.51260368429 1.330659e-15
6929.27678386665 1.322608e-15
6932.040964049 1.260355e-15
6934.80514423136 1.265323e-15
6937.56932441371 1.218082e-15
6940.33350459606 1.313476e-15
6943.09768477842 1.337509e-15
6945.86186496077 1.30363e-15
6948.62604514313 1.300264e-15
6951.39022532548 1.289418e-15
6954.15440550784 1.304034e-15
6956.91858569019 1.335389e-15
6959.68276587255 1.240913e-15
6962.4469460549 1.207678e-15
6965.21112623726 1.287837e-15
6967.97530641961 1.296613e-15
6970.73948660197 1.271372e-15
6973.50366678432 1.291805e-15
6976.26784696668 1.329114e-15
6979.03202714903 1.301858e-15
6981.79620733139 1.264916e-15
6984.56038751374 1.296071e-15
6987.3245676961 1.306061e-15
6990.08874787845 1.300516e-15
6992.8529280608 1.271209e-15
6995.61710824316 1.207333e-15
6998.38128842552 1.208656e-15
7001.14546860787 1.219691e-15
7003.90964879022 1.205841e-15
7006.67382897258 1.23066e-15
7009.43800915494 1.264676e-15
7012.20218933729 1.262386e-15
7014.96636951964 1.237479e-15
7017.730549702 1.202833e-15
7020.49472988435 1.274729e-15
7023.25891006671 1.326671e-15
7026.02309024906 1.308635e-15
7028.78727043142 1.259207e-15
7031.55145061377 1.26838e-15
7034.31563079613 1.242126e-15
7037.07981097848 1.294028e-15
7039.84399116084 1.287535e-15
7042.60817134319 1.274848e-15
7045.37235152555 1.265562e-15
7048.1365317079 1.231313e-15
7050.90071189026 1.240992e-15
7053.66489207261 1.259947e-15
7056.42907225497 1.232361e-15
7059.19325243732 1.269317e-15
7061.95743261968 1.314815e-15
7064.72161280203 1.254257e-15
7067.48579298439 1.228381e-15
7070.24997316674 1.263388e-15
7073.0141533491 1.264406e-15
7075.77833353145 1.251063e-15
7078.5425137138 1.246423e-15
7081.30669389616 1.282354e-15
7084.07087407851 1.284556e-15
7086.83505426087 1.246435e-15
7089.59923444322 1.207054e-15
7092.36341462558 1.202343e-15
7095.12759480793 1.222979e-15
7097.89177499029 1.204704e-15
7100.65595517264 1.262639e-15
7103.420135355 1.30662e-15
7106.18431553735 1.272401e-15
7108.94849571971 1.242785e-15
7111.71267590206 1.215749e-15
7114.47685608442 1.25742e-15
7117.24103626677 1.256727e-15
7120.00521644913 1.241279e-15
7122.76939663148 1.246858e-15
7125.53357681384 1.257999e-15
7128.29775699619 1.248336e-15
7131.06193717855 1.252987e-15
7133.8261173609 1.219374e-15
7136.59029754326 1.208575e-15
7139.35447772561 1.261159e-15
7142.11865790797 1.226827e-15
7144.88283809032 1.299959e-15
7147.64701827267 1.255895e-15
7150.41119845503 1.172153e-15
7153.17537863738 1.198044e-15
7155.93955881974 1.174848e-15
7158.70373900209 1.196699e-15
7161.46791918445 1.2453e-15
7164.23209936681 1.208672e-15
7166.99627954916 1.234538e-15
7169.76045973151 1.248721e-15
7172.52463991387 1.281785e-15
7175.28882009622 1.326952e-15
7178.05300027858 1.272847e-15
7180.81718046093 1.222012e-15
7183.58136064329 1.224205e-15
7186.34554082564 1.211177e-15
7189.109721008 1.233654e-15
7191.87390119035 1.228047e-15
7194.63808137271 1.242013e-15
7197.40226155506 1.326001e-15
7200.16644173742 1.27272e-15
7202.93062191977 1.21059e-15
7205.69480210213 1.217159e-15
7208.45898228448 1.14682e-15
7211.22316246684 1.188488e-15
7213.98734264919 1.207653e-15
7216.75152283154 1.218758e-15
7219.5157030139 1.236152e-15
7222.27988319625 1.271383e-15
7225.04406337861 1.251905e-15
7227.80824356097 1.248682e-15
7230.57242374332 1.183277e-15
7233.33660392567 1.168521e-15
7236.10078410803 1.26639e-15
7238.86496429038 1.263116e-15
7241.62914447274 1.206096e-15
7244.39332465509 1.194811e-15
7247.15750483745 1.237854e-15
7249.9216850198 1.242729e-15
7252.68586520216 1.215264e-15
7255.45004538451 1.205952e-15
7258.21422556687 1.2032e-15
7260.97840574922 1.186954e-15
7263.74258593158 1.216908e-15
7266.50676611393 1.217696e-15
7269.27094629629 1.175609e-15
7272.03512647864 1.196041e-15
7274.799306661 1.162381e-15
7277.56348684335 1.150088e-15
7280.3276670257 1.172056e-15
7283.09184720806 1.258366e-15
7285.85602739041 1.234801e-15
7288.62020757277 1.268291e-15
7291.38438775513 1.21046e-15
7294.14856793748 1.102738e-15
7296.91274811984 1.141811e-15
7299.67692830219 1.204763e-15
7302.44110848454 1.217459e-15
7305.2052886669 1.186845e-15
7307.96946884925 1.16291e-15
7310.73364903161 1.238425e-15
7313.49782921396 1.173352e-15
7316.26200939632 1.1838e-15
7319.02618957867 1.216853e-15
7321.79036976103 1.207671e-15
7324.55454994338 1.190474e-15
7327.31873012574 1.163869e-15
7330.08291030809 1.194079e-15
7332.84709049045 1.218528e-15
7335.6112706728 1.201498e-15
7338.37545085516 1.171631e-15
7341.13963103751 1.204005e-15
7343.90381121987 1.145155e-15
7346.66799140222 1.176294e-15
7349.43217158458 1.249085e-15
7352.19635176693 1.199941e-15
7354.96053194928 1.194187e-15
7357.72471213164 1.163524e-15
7360.488892314 1.211041e-15
7363.25307249635 1.284851e-15
7366.0172526787 1.290311e-15
7368.78143286106 1.130181e-15
7371.54561304341 1.146981e-15
7374.30979322577 1.167665e-15
7377.07397340812 1.22612e-15
7379.83815359048 1.253033e-15
7382.60233377283 1.205814e-15
7385.36651395519 1.152376e-15
7388.13069413754 1.171622e-15
7390.8948743199 1.207316e-15
7393.65905450225 1.191339e-15
7396.42323468461 1.205084e-15
7399.18741486696 1.184185e-15
7401.95159504932 1.19888e-15
7404.71577523167 1.132225e-15
7407.47995541403 1.182736e-15
7410.24413559638 1.223723e-15
7413.00831577874 1.210298e-15
7415.77249596109 1.229119e-15
7418.53667614345 1.195925e-15
7421.3008563258 1.199039e-15
7424.06503650816 1.249949e-15
7426.82921669051 1.188652e-15
7429.59339687286 1.141477e-15
7432.35757705522 1.181377e-15
7435.12175723758 1.183195e-15
7437.88593741993 1.197869e-15
7440.65011760228 1.207862e-15
7443.41429778464 1.202802e-15
7446.17847796699 1.182198e-15
7448.94265814935 1.148809e-15
7451.7068383317 1.15961e-15
7454.47101851406 1.228249e-15
7457.23519869641 1.239099e-15
7459.99937887877 1.167397e-15
7462.76355906112 1.191889e-15
7465.52773924348 1.132719e-15
7468.29191942583 1.143479e-15
7471.05609960819 1.187905e-15
7473.82027979054 1.120814e-15
7476.5844599729 1.182886e-15
7479.34864015525 1.240456e-15
7482.11282033761 1.144938e-15
7484.87700051996 1.145286e-15
7487.64118070232 1.204946e-15
7490.40536088467 1.188037e-15
7493.16954106702 1.174474e-15
7495.93372124938 1.159432e-15
7498.69790143174 1.158845e-15
7501.46208161409 1.168579e-15
7504.22626179644 1.169275e-15
7506.9904419788 1.188241e-15
7509.75462216115 1.247506e-15
7512.51880234351 1.253384e-15
7515.28298252586 1.148079e-15
7518.04716270822 1.156056e-15
7520.81134289057 1.220028e-15
7523.57552307293 1.080602e-15
7526.33970325528 1.057991e-15
7529.10388343764 1.131895e-15
7531.86806361999 1.139111e-15
7534.63224380235 1.118543e-15
7537.3964239847 1.13625e-15
7540.16060416706 1.212508e-15
7542.92478434941 1.246539e-15
7545.68896453177 1.185102e-15
7548.45314471412 1.145719e-15
7551.21732489648 1.201438e-15
7553.98150507883 1.200234e-15
7556.74568526119 1.183679e-15
7559.50986544354 1.181283e-15
7562.2740456259 1.183606e-15
7565.03822580825 1.199236e-15
7567.80240599061 1.149387e-15
7570.56658617296 1.094709e-15
7573.33076635531 1.179567e-15
7576.09494653767 1.216729e-15
7578.85912672002 1.133023e-15
7581.62330690238 1.205922e-15
7584.38748708473 1.169726e-15
7587.15166726709 1.229874e-15
7589.91584744944 1.291862e-15
7592.6800276318 1.250202e-15
7595.44420781415 1.132592e-15
7598.20838799651 1.091515e-15
7600.97256817886 8.704533e-16
7603.73674836122 1.050848e-15
7606.50092854357 1.026414e-15
7609.26510872593 1.031e-15
7612.02928890828 9.869131e-16
7614.79346909064 1.120767e-15
7617.55764927299 1.092083e-15
7620.32182945535 1.024312e-15
7623.0860096377 1.166945e-15
7625.85018982005 1.197997e-15
7628.61437000241 1.118917e-15
7631.37855018477 1.064339e-15
7634.14273036712 1.089346e-15
7636.90691054948 1.129132e-15
7639.67109073183 1.199861e-15
7642.43527091418 1.207543e-15
7645.19945109654 1.202605e-15
7647.96363127889 1.071022e-15
7650.72781146125 1.186644e-15
7653.4919916436 1.120021e-15
7656.25617182596 1.039353e-15
7659.02035200831 1.047089e-15
7661.78453219067 1.095494e-15
7664.54871237302 1.087904e-15
7667.31289255538 1.056797e-15
7670.07707273773 1.07694e-15
7672.84125292009 1.078284e-15
7675.60543310244 1.093351e-15
7678.3696132848 1.128451e-15
7681.13379346715 1.101634e-15
7683.89797364951 1.053074e-15
7686.66215383186 1.076106e-15
7689.42633401422 1.115944e-15
7692.19051419657 1.069288e-15
7694.95469437893 1.079932e-15
7697.71887456128 1.046006e-15
7700.48305474364 1.034879e-15
7703.24723492599 9.801031e-16
7706.01141510835 9.851495e-16
7708.7755952907 1.024085e-15
7711.53977547306 1.055374e-15
7714.30395565541 1.018605e-15
7717.06813583777 9.941733e-16
7719.83231602012 1.012291e-15
7722.59649620247 1.061178e-15
7725.36067638483 1.121995e-15
7728.12485656718 1.139128e-15
7730.88903674954 1.136919e-15
7733.65321693189 1.100451e-15
7736.41739711425 1.040942e-15
7739.1815772966 1.018084e-15
7741.94575747896 9.848275e-16
7744.70993766131 9.656313e-16
7747.47411784367 1.016724e-15
7750.23829802602 1.110277e-15
7753.00247820838 1.138451e-15
7755.76665839073 1.13953e-15
7758.53083857309 1.10379e-15
7761.29501875544 1.063745e-15
7764.0591989378 1.049185e-15
7766.82337912015 1.071493e-15
7769.58755930251 1.067699e-15
7772.35173948486 1.082818e-15
7775.11591966722 1.095192e-15
7777.88009984957 1.075599e-15
7780.64428003192 1.022902e-15
7783.40846021428 9.962457e-16
7786.17264039663 1.049092e-15
7788.93682057899 1.023812e-15
7791.70100076134 1.005882e-15
7794.4651809437 1.088072e-15
7797.22936112606 1.040128e-15
7799.99354130841 1.01571e-15
7802.75772149076 1.048617e-15
7805.52190167312 1.07063e-15
7808.28608185547 1.083834e-15
7811.05026203783 1.068614e-15
7813.81444222018 1.037306e-15
7816.57862240254 1.019485e-15
7819.34280258489 1.134575e-15
7822.10698276725 1.122872e-15
7824.8711629496 1.110752e-15
7827.63534313196 1.105986e-15
7830.39952331431 1.0967e-15
7833.16370349667 1.06279e-15
7835.92788367902 1.089325e-15
7838.69206386138 1.046489e-15
7841.45624404373 9.71226e-16
7844.22042422609 1.028585e-15
7846.98460440844 1.036316e-15
7849.7487845908 9.830875e-16
7852.51296477315 9.850486e-16
7855.2771449555 1.025167e-15
7858.04132513786 1.0706e-15
7860.80550532022 1.108459e-15
7863.56968550257 1.013933e-15
7866.33386568492 1.033351e-15
7869.09804586728 9.918721e-16
7871.86222604963 9.88397e-16
7874.62640623199 1.036177e-15
7877.39058641434 9.664189e-16
7880.1547665967 9.826104e-16
7882.91894677905 1.109249e-15
7885.68312696141 1.014579e-15
7888.44730714376 9.499351e-16
7891.21148732612 1.028917e-15
7893.97566750847 1.013004e-15
7896.73984769083 9.564896e-16
7899.50402787318 9.727915e-16
7902.26820805554 1.015613e-15
7905.03238823789 9.936295e-16
7907.79656842025 9.53417e-16
7910.5607486026 9.920555e-16
7913.32492878496 1.023366e-15
7916.08910896731 1.041154e-15
7918.85328914966 1.053724e-15
7921.61746933202 1.059671e-15
7924.38164951438 1.061077e-15
7927.14582969673 1.086128e-15
7929.91000987908 1.091706e-15
7932.67419006144 1.110687e-15
7935.4383702438 1.058392e-15
7938.20255042615 1.078049e-15
7940.9667306085 1.071742e-15
7943.73091079086 9.842085e-16
7946.49509097321 9.666499e-16
7949.25927115557 9.8635e-16
7952.02345133792 1.004811e-15
7954.78763152028 1.050858e-15
7957.55181170263 1.089938e-15
7960.31599188499 1.058578e-15
7963.08017206734 9.511246e-16
7965.8443522497 9.822365e-16
7968.60853243205 1.094646e-15
7971.37271261441 1.130767e-15
7974.13689279676 1.039866e-15
7976.90107297912 9.92546e-16
7979.66525316147 1.007564e-15
7982.42943334383 9.34204e-16
7985.19361352618 9.062397e-16
7987.95779370854 9.934257e-16
7990.72197389089 9.729102e-16
7993.48615407324 1.000554e-15
7996.2503342556 1.03548e-15
7999.01451443795 9.467914e-16
8001.77869462031 9.072057e-16
8004.54287480266 9.533221e-16
8007.30705498502 9.68659e-16
8010.07123516737 9.300562e-16
8012.83541534973 1.010772e-15
8015.59959553208 9.799864e-16
8018.36377571444 1.010101e-15
8021.12795589679 9.820444e-16
8023.89213607915 9.580514e-16
8026.6563162615 1.00871e-15
8029.42049644386 9.990113e-16
8032.18467662621 9.770583e-16
8034.94885680857 1.080219e-15
8037.71303699092 1.055392e-15
8040.47721717328 1.023952e-15
8043.24139735563 1.018171e-15
8046.00557753799 9.886742e-16
8048.76975772034 9.915375e-16
8051.5339379027 1.000293e-15
8054.29811808505 1.046256e-15
8057.06229826741 1.041618e-15
8059.82647844976 9.628975e-16
8062.59065863211 1.087508e-15
8065.35483881447 1.140409e-15
8068.11901899683 9.619421e-16
8070.88319917918 9.571053e-16
8073.64737936153 1.013562e-15
8076.41155954389 9.61883e-16
8079.17573972624 1.045441e-15
8081.9399199086 9.675171e-16
8084.70410009095 9.541409e-16
8087.46828027331 9.796691e-16
8090.23246045566 9.840757e-16
8092.99664063802 1.018106e-15
8095.76082082037 9.571489e-16
8098.52500100273 8.989491e-16
8101.28918118508 9.183065e-16
8104.05336136744 9.576179e-16
8106.81754154979 9.952749e-16
8109.58172173215 9.664657e-16
8112.3459019145 1.018803e-15
8115.11008209686 1.001998e-15
8117.87426227921 9.942855e-16
8120.63844246157 9.755275e-16
8123.40262264392 1.045306e-15
8126.16680282627 9.575379e-16
8128.93098300863 9.213221e-16
8131.69516319099 8.596479e-16
8134.45934337334 8.981071e-16
8137.22352355569 9.470541e-16
8139.98770373805 9.424723e-16
8142.7518839204 9.990145e-16
8145.51606410276 9.479596e-16
8148.28024428511 9.549383e-16
8151.04442446747 1.02202e-15
8153.80860464982 9.224131e-16
8156.57278483218 8.972379e-16
8159.33696501453 9.664493e-16
8162.10114519689 9.862634e-16
8164.86532537924 8.218567e-16
8167.6295055616 9.070055e-16
8170.39368574395 1.038432e-15
8173.15786592631 1.001858e-15
8175.92204610866 9.865667e-16
8178.68622629102 9.684309e-16
8181.45040647337 9.378583e-16
8184.21458665573 9.828218e-16
8186.97876683808 8.997421e-16
8189.74294702043 9.863248e-16
8192.50712720279 1.019874e-15
8195.27130738515 9.024823e-16
8198.0354875675 8.829852e-16
8200.79966774985 9.043521e-16
8203.56384793221 9.912738e-16
8206.32802811456 1.119349e-15
8209.09220829692 1.096719e-15
8211.85638847927 9.977411e-16
8214.62056866163 9.020116e-16
8217.38474884399 9.660446e-16
8220.14892902634 1.094275e-15
8222.91310920869 1.067366e-15
8225.67728939105 9.959409e-16
8228.4414695734 8.565237e-16
8231.20564975576 8.190934e-16
8233.96982993811 9.697979e-16
8236.73401012047 9.771279e-16
8239.49819030282 1.003914e-15
8242.26237048518 1.006778e-15
8245.02655066753 9.522594e-16
8247.79073084989 9.934788e-16
8250.55491103224 1.012898e-15
8253.3190912146 1.011092e-15
8256.08327139695 9.858007e-16
8258.84745157931 9.22668e-16
8261.61163176166 1.068682e-15
8264.37581194402 8.583292e-16
8267.13999212637 9.173373e-16
8269.90417230872 9.122137e-16
8272.66835249108 9.915985e-16
8275.43253267343 8.601903e-16
8278.19671285579 9.413449e-16
8280.96089303814 1.040119e-15
8283.7250732205 9.745704e-16
8286.48925340285 1.01882e-15
8289.25343358521 1.070381e-15
8292.01761376756 1.004354e-15
8294.78179394992 9.610336e-16
8297.54597413227 9.410117e-16
8300.31015431463 9.327693e-16
8303.07433449698 9.752077e-16
8305.83851467934 9.758465e-16
8308.60269486169 9.738974e-16
8311.36687504405 9.868659e-16
8314.1310552264 9.287961e-16
8316.89523540876 8.909677e-16
8319.65941559111 8.340908e-16
8322.42359577347 8.733254e-16
8325.18777595582 8.997576e-16
8327.95195613818 8.413363e-16
8330.71613632053 7.737452e-16
8333.48031650289 7.859731e-16
8336.24449668524 8.754285e-16
8339.0086768676 8.747925e-16
8341.77285704995 8.339244e-16
8344.53703723231 8.751401e-16
8347.30121741466 8.981571e-16
8350.06539759702 8.744495e-16
8352.82957777937 8.537594e-16
8355.59375796172 8.056678e-16
8358.35793814408 7.6396e-16
8361.12211832643 7.746898e-16
8363.88629850879 7.350914e-16
8366.65047869114 7.347687e-16
8369.4146588735 8.204937e-16
8372.17883905585 7.953923e-16
8374.94301923821 7.365136e-16
8377.70719942056 6.926095e-16
8380.47137960292 6.523108e-16
8383.23555978527 6.233177e-16
8385.99973996763 6.332673e-16
8388.76392014998 6.731786e-16
8391.52810033234 6.421781e-16
8394.29228051469 6.307103e-16
8397.05646069705 7.234018e-16
8399.8206408794 7.330516e-16
8402.58482106175 6.62002e-16
8405.34900124411 6.391815e-16
8408.11318142646 7.024293e-16
8410.87736160882 6.591933e-16
8413.64154179117 6.350838e-16
8416.40572197353 6.044666e-16
8419.16990215588 7.040685e-16
8421.93408233824 8.119736e-16
8424.6982625206 6.824929e-16
8427.46244270295 6.262559e-16
8430.2266228853 7.649161e-16
8432.99080306766 7.046972e-16
8435.75498325001 7.21193e-16
8438.51916343237 7.43421e-16
8441.28334361472 6.42667e-16
8444.04752379708 7.215635e-16
8446.81170397943 7.20869e-16
8449.57588416179 7.080048e-16
8452.34006434414 7.099363e-16
8455.1042445265 7.658974e-16
8457.86842470885 7.315778e-16
8460.63260489121 7.965301e-16
8463.39678507356 6.917593e-16
8466.16096525592 6.392234e-16
8468.92514543827 6.227264e-16
8471.68932562063 7.724962e-16
8474.45350580298 8.041519e-16
8477.21768598534 8.139991e-16
8479.98186616769 8.186055e-16
8482.74604635004 7.91731e-16
8485.5102265324 8.347428e-16
8488.27440671476 8.618374e-16
8491.03858689711 8.528051e-16
8493.80276707946 8.427932e-16
8496.56694726182 7.800386e-16
8499.33112744417 7.790407e-16
8502.09530762653 8.543763e-16
8504.85948780888 8.802816e-16
8507.62366799124 8.789076e-16
8510.38784817359 8.347845e-16
8513.15202835595 9.320932e-16
8515.9162085383 8.602524e-16
8518.68038872066 8.026891e-16
8521.44456890301 8.349008e-16
8524.20874908537 8.789589e-16
8526.97292926772 8.657507e-16
8529.73710945008 8.63374e-16
8532.50128963243 8.791072e-16
8535.26546981479 8.840219e-16
8538.02964999714 9.125871e-16
8540.79383017949 8.95668e-16
8543.55801036185 8.67292e-16
8546.32219054421 8.121312e-16
8549.08637072656 7.879964e-16
8551.85055090892 8.385145e-16
8554.61473109127 8.019766e-16
8557.37891127363 8.581516e-16
8560.14309145598 8.684497e-16
8562.90727163833 7.8908e-16
8565.67145182069 8.437034e-16
8568.43563200304 9.014095e-16
8571.1998121854 8.10255e-16
8573.96399236775 8.707484e-16
8576.72817255011 9.448339e-16
8579.49235273246 8.852624e-16
8582.25653291482 9.419164e-16
8585.02071309717 9.539595e-16
8587.78489327953 8.788545e-16
8590.54907346188 8.746257e-16
8593.31325364424 7.864804e-16
8596.07743382659 8.775136e-16
8598.84161400895 9.356188e-16
8601.6057941913 9.196991e-16
8604.36997437366 9.144646e-16
8607.13415455601 9.614616e-16
8609.89833473837 8.73811e-16
8612.66251492072 8.87692e-16
8615.42669510308 9.228427e-16
8618.19087528543 9.664514e-16
8620.95505546779 9.816695e-16
8623.71923565014 9.391985e-16
8626.48341583249 9.531263e-16
8629.24759601485 9.377054e-16
8632.0117761972 9.391386e-16
8634.77595637956 1.014959e-15
8637.54013656191 9.553651e-16
8640.30431674427 1.031981e-15
8643.06849692662 1.011349e-15
8645.83267710898 9.617692e-16
8648.59685729133 1.020807e-15
8651.36103747369 9.614451e-16
8654.12521765604 1.035247e-15
8656.8893978384 1.025394e-15
8659.65357802075 1.061877e-15
8662.41775820311 1.048776e-15
8665.18193838546 9.69515e-16
8667.94611856782 9.331563e-16
8670.71029875017 9.497883e-16
8673.47447893253 1.031036e-15
8676.23865911488 1.056016e-15
8679.00283929724 1.008546e-15
8681.76701947959 1.023552e-15
8684.53119966195 1.095188e-15
8687.2953798443 1.018521e-15
8690.05956002665 1.14193e-15
8692.82374020901 1.110147e-15
8695.58792039136 1.106166e-15
8698.35210057372 1.169386e-15
8701.11628075607 1.070273e-15
8703.88046093843 1.00532e-15
8706.64464112078 1.042728e-15
8709.40882130314 1.089601e-15
8712.17300148549 1.053166e-15
8714.93718166785 1.035971e-15
8717.7013618502 1.105531e-15
8720.46554203256 1.106706e-15
8723.22972221491 1.064961e-15
8725.99390239727 1.083092e-15
8728.75808257962 1.136958e-15
8731.52226276198 1.053326e-15
8734.28644294433 1.017571e-15
8737.05062312669 9.959922e-16
8739.81480330904 9.961456e-16
8742.5789834914 1.033916e-15
8745.34316367375 1.037172e-15
8748.10734385611 1.001591e-15
8750.87152403846 9.294058e-16
8753.63570422082 9.51425e-16
8756.39988440317 9.18652e-16
8759.16406458553 9.668951e-16
8761.92824476788 1.015151e-15
8764.69242495024 9.000889e-16
8767.45660513259 1.016748e-15
8770.22078531494 1.05342e-15
8772.9849654973 9.699715e-16
8775.74914567965 9.585067e-16
8778.51332586201 1.033016e-15
8781.27750604437 1.017505e-15
8784.04168622672 9.92677e-16
8786.80586640907 9.696378e-16
8789.57004659143 9.18941e-16
8792.33422677378 9.812628e-16
8795.09840695614 1.020665e-15
8797.86258713849 1.048335e-15
8800.62676732085 1.018544e-15
8803.3909475032 9.839705e-16
8806.15512768556 1.018222e-15
8808.91930786791 9.656129e-16
8811.68348805027 9.204149e-16
8814.44766823262 9.271124e-16
8817.21184841498 8.45114e-16
8819.97602859733 9.306932e-16
8822.74020877969 1.02412e-15
8825.50438896204 1.064698e-15
8828.2685691444 1.082998e-15
8831.03274932675 1.075049e-15
8833.7969295091 9.314801e-16
8836.56110969146 9.457219e-16
8839.32528987381 1.051799e-15
8842.08947005617 9.314519e-16
8844.85365023852 8.77629e-16
8847.61783042088 8.88247e-16
8850.38201060324 8.439115e-16
8853.14619078559 8.668891e-16
8855.91037096794 8.613809e-16
8858.6745511503 8.935486e-16
8861.43873133265 8.55586e-16
8864.20291151501 9.038782e-16
8866.96709169736 9.160488e-16
8869.73127187972 9.56104e-16
8872.49545206207 8.858023e-16
8875.25963224443 9.131346e-16
8878.02381242678 9.239595e-16
8880.78799260914 9.23128e-16
8883.55217279149 1.000665e-15
8886.31635297385 1.0998e-15
8889.0805331562 1.003362e-15
8891.84471333856 9.188545e-16
8894.60889352091 8.998253e-16
8897.37307370327 8.717735e-16
8900.13725388562 9.49471e-16
8902.90143406797 8.728621e-16
8905.66561425033 8.824023e-16
8908.42979443268 9.509155e-16
8911.19397461504 1.055994e-15
